R 0 0 true 255 255 255 1024 768
R 153 654 true 0 0 0 89 89
R 242 654 false 0 0 0 89 89
R 331 654 true 0 0 0 89 89
R 420 654 false 0 0 0 89 89
R 509 654 true 0 0 0 89 89
R 598 654 false 0 0 0 89 89
R 687 654 true 0 0 0 89 89
R 776 654 false 0 0 0 89 89
R 153 565 false 0 0 0 89 89
R 242 565 true 0 0 0 89 89
R 331 565 false 0 0 0 89 89
R 420 565 true 0 0 0 89 89
R 509 565 false 0 0 0 89 89
R 598 565 true 0 0 0 89 89
R 687 565 false 0 0 0 89 89
R 776 565 true 0 0 0 89 89
R 153 476 true 0 0 0 89 89
R 242 476 false 0 0 0 89 89
R 331 476 true 0 0 0 89 89
R 420 476 false 0 0 0 89 89
R 509 476 true 0 0 0 89 89
R 598 476 false 0 0 0 89 89
R 687 476 true 0 0 0 89 89
R 776 476 false 0 0 0 89 89
R 153 387 false 0 0 0 89 89
R 242 387 true 0 0 0 89 89
R 331 387 false 0 0 0 89 89
R 420 387 true 0 0 0 89 89
R 509 387 false 0 0 0 89 89
R 598 387 true 0 0 0 89 89
R 687 387 false 0 0 0 89 89
R 776 387 true 0 0 0 89 89
R 153 298 true 0 0 0 89 89
R 242 298 false 0 0 0 89 89
R 331 298 true 0 0 0 89 89
R 420 298 false 0 0 0 89 89
R 509 298 true 0 0 0 89 89
R 598 298 false 0 0 0 89 89
R 687 298 true 0 0 0 89 89
R 776 298 false 0 0 0 89 89
R 153 209 false 0 0 0 89 89
R 242 209 true 0 0 0 89 89
R 331 209 false 0 0 0 89 89
R 420 209 true 0 0 0 89 89
R 509 209 false 0 0 0 89 89
R 598 209 true 0 0 0 89 89
R 687 209 false 0 0 0 89 89
R 776 209 true 0 0 0 89 89
R 153 120 true 0 0 0 89 89
R 242 120 false 0 0 0 89 89
R 331 120 true 0 0 0 89 89
R 420 120 false 0 0 0 89 89
R 509 120 true 0 0 0 89 89
R 598 120 false 0 0 0 89 89
R 687 120 true 0 0 0 89 89
R 776 120 false 0 0 0 89 89
R 153 31 false 0 0 0 89 89
R 242 31 true 0 0 0 89 89
R 331 31 false 0 0 0 89 89
R 420 31 true 0 0 0 89 89
R 509 31 false 0 0 0 89 89
R 598 31 true 0 0 0 89 89
R 687 31 false 0 0 0 89 89
R 776 31 true 0 0 0 89 89
E 197 698 true 255 0 0 39 39
E 375 698 true 255 0 0 39 39
E 553 698 true 255 0 0 39 39
E 731 698 true 255 0 0 39 39
E 286 609 true 255 0 0 39 39
E 464 609 true 255 0 0 39 39
E 642 609 true 255 0 0 39 39
E 820 609 true 255 0 0 39 39
E 197 520 true 255 0 0 39 39
E 375 520 true 255 0 0 39 39
E 553 520 true 255 0 0 39 39
E 731 520 true 255 0 0 39 39
E 286 253 true 255 200 0 39 39
E 464 253 true 255 200 0 39 39
E 642 253 true 255 200 0 39 39
E 820 253 true 255 200 0 39 39
E 197 164 true 255 200 0 39 39
E 375 164 true 255 200 0 39 39
E 553 164 true 255 200 0 39 39
E 731 164 true 255 200 0 39 39
E 286 75 true 255 200 0 39 39
E 464 75 true 255 200 0 39 39
E 642 75 true 255 200 0 39 39
E 820 75 true 255 200 0 39 39
