R 0 0 true 156 186 247 1024 768
R 0 0 true 179 229 242 1024 384
R 0 40 true 195 244 233 1024 384
R 0 78 true 179 229 242 1024 384
R 0 424 true 175 203 249 1024 56
R 127 67 true 179 229 242 285 26
R 739 63 true 179 229 242 285 7
R 782 93 true 195 244 233 242 13
R 0 109 true 195 244 233 314 13
R 63 264 true 195 244 233 314 13
R 80 384 true 195 244 233 314 13
R 710 291 true 195 244 233 314 13
R 212 151 true 195 244 233 314 13
R 475 139 true 195 244 233 314 13
R 661 207 true 195 244 233 363 32
R 1 321 true 195 244 233 363 32
R 0 49 true 179 229 242 256 7
R 0 331 true 179 229 242 256 7
R 654 220 true 179 229 242 256 7
E 572 598 true 141 174 226 362 91
E 497 644 true 141 174 226 213 72
E 281 634 true 141 174 226 168 51
E 264 592 true 255 255 255 193 72
E 720 569 true 228 232 242 193 66
E 182 324 true 228 232 242 55 136
E 237 348 true 228 232 242 53 160
E 519 390 true 255 255 255 341 260
E 368 433 true 255 255 255 212 201
E 587 129 true 255 255 255 20 28
E 607 149 true 255 255 255 20 26
E 462 297 true 0 0 0 50 50
E 693 297 true 0 0 0 48 50
E 476 278 true 215 230 255 22 22
E 679 278 true 215 230 255 22 22
E 465 290 true 255 255 255 10 10
E 695 287 true 255 255 255 10 10
E 473 270 true 255 255 255 6 6
E 674 270 true 255 255 255 6 6
E 438 314 true 80 96 119 12 12
E 720 314 true 80 96 119 10 12
E 453 333 true 34 45 58 4 4
E 713 333 true 34 45 58 4 4
E 597 350 true 173 178 196 64 40
E 479 230 true 173 178 196 9 13
E 669 232 true 173 178 196 8 11
E 604 367 true 226 125 183 17 17
E 606 371 true 175 97 145 2 8
E 590 354 true 0 0 0 23 14
E 618 354 true 0 0 0 20 14
E 588 347 true 173 178 196 22 18
E 568 359 true 173 178 196 9 6
E 637 359 true 173 178 196 9 6
E 620 347 true 173 178 196 22 18
E 546 350 true 0 0 0 3 3
E 562 336 true 0 0 0 3 3
E 569 347 true 0 0 0 3 3
E 629 347 true 0 0 0 3 3
E 637 333 true 0 0 0 3 3
E 648 347 true 0 0 0 3 3
E 602 330 true 0 0 0 21 7
E 421 366 true 229 168 201 31 24
E 739 365 true 229 168 201 30 22
E 429 358 true 255 189 227 8 6
E 728 357 true 255 189 227 8 6
E 592 328 true 0 0 0 10 4
