R 0 568 true 113 186 118 1024 200
R 0 0 true 200 243 246 1024 568
R 200 531 true 170 112 82 20 46
E 210 531 true 0 64 0 18 15
E 210 527 true 0 64 0 18 15
E 210 524 true 0 64 0 17 15
E 210 520 true 0 64 0 17 15
E 210 517 true 0 64 0 17 15
E 210 514 true 0 64 0 16 15
E 210 510 true 0 64 0 16 15
E 210 507 true 0 64 0 15 15
E 210 504 true 0 64 0 15 15
E 210 500 true 0 64 0 15 15
E 210 497 true 0 64 0 14 15
E 210 494 true 0 64 0 14 15
E 210 490 true 0 64 0 13 15
E 210 487 true 0 64 0 13 15
E 210 483 true 0 64 0 13 15
E 210 480 true 0 64 0 12 15
E 210 477 true 0 64 0 12 15
E 210 473 true 0 64 0 12 15
E 210 470 true 0 64 0 11 15
E 210 467 true 0 64 0 11 15
E 210 463 true 0 64 0 10 15
E 210 460 true 0 64 0 10 15
E 210 457 true 0 64 0 10 15
E 210 453 true 0 64 0 9 15
E 210 450 true 0 64 0 9 15
E 210 446 true 0 64 0 8 15
E 210 443 true 0 64 0 8 15
E 210 440 true 0 64 0 8 15
E 210 436 true 0 64 0 7 15
E 210 433 true 0 64 0 7 15
E 210 430 true 0 64 0 6 15
E 210 426 true 0 64 0 6 15
E 210 423 true 0 64 0 6 15
E 210 420 true 0 64 0 5 15
E 210 416 true 0 64 0 5 15
E 210 413 true 0 64 0 5 15
R 911 536 true 170 112 82 20 43
E 921 536 true 0 66 0 23 15
E 921 532 true 0 66 0 23 15
E 921 529 true 0 66 0 22 15
E 921 526 true 0 66 0 22 15
E 921 523 true 0 66 0 21 15
E 921 520 true 0 66 0 20 15
E 921 517 true 0 66 0 20 15
E 921 513 true 0 66 0 19 15
E 921 510 true 0 66 0 19 15
E 921 507 true 0 66 0 18 15
E 921 504 true 0 66 0 17 15
E 921 501 true 0 66 0 17 15
E 921 498 true 0 66 0 16 15
E 921 494 true 0 66 0 15 15
E 921 491 true 0 66 0 15 15
E 921 488 true 0 66 0 14 15
E 921 485 true 0 66 0 14 15
E 921 482 true 0 66 0 13 15
E 921 479 true 0 66 0 12 15
E 921 476 true 0 66 0 12 15
E 921 472 true 0 66 0 11 15
E 921 469 true 0 66 0 11 15
E 921 466 true 0 66 0 10 15
E 921 463 true 0 66 0 9 15
E 921 460 true 0 66 0 9 15
E 921 457 true 0 66 0 8 15
E 921 453 true 0 66 0 8 15
E 921 450 true 0 66 0 7 15
E 921 447 true 0 66 0 6 15
E 921 444 true 0 66 0 6 15
E 921 441 true 0 66 0 5 15
E 921 438 true 0 66 0 5 15
R 916 548 true 170 112 82 20 32
E 926 548 true 0 67 0 33 15
E 926 543 true 0 67 0 32 15
E 926 538 true 0 67 0 32 15
E 926 533 true 0 67 0 31 15
E 926 529 true 0 67 0 30 15
E 926 524 true 0 67 0 29 15
E 926 519 true 0 67 0 28 15
E 926 514 true 0 67 0 28 15
E 926 510 true 0 67 0 27 15
E 926 505 true 0 67 0 26 15
E 926 500 true 0 67 0 25 15
E 926 495 true 0 67 0 24 15
E 926 491 true 0 67 0 24 15
E 926 486 true 0 67 0 23 15
E 926 481 true 0 67 0 22 15
E 926 477 true 0 67 0 21 15
E 926 472 true 0 67 0 20 15
E 926 467 true 0 67 0 20 15
E 926 462 true 0 67 0 19 15
E 926 458 true 0 67 0 18 15
E 926 453 true 0 67 0 17 15
E 926 448 true 0 67 0 16 15
E 926 443 true 0 67 0 16 15
E 926 439 true 0 67 0 15 15
E 926 434 true 0 67 0 14 15
E 926 429 true 0 67 0 13 15
E 926 425 true 0 67 0 12 15
E 926 420 true 0 67 0 12 15
E 926 415 true 0 67 0 11 15
E 926 410 true 0 67 0 10 15
E 926 406 true 0 67 0 9 15
E 926 401 true 0 67 0 8 15
E 926 396 true 0 67 0 8 15
E 926 391 true 0 67 0 7 15
E 926 387 true 0 67 0 6 15
E 926 382 true 0 67 0 5 15
E 926 377 true 0 67 0 5 15
R 522 511 true 170 112 82 20 78
E 532 511 true 0 76 0 43 15
E 532 508 true 0 76 0 42 15
E 532 506 true 0 76 0 41 15
E 532 503 true 0 76 0 40 15
E 532 501 true 0 76 0 38 15
E 532 498 true 0 76 0 37 15
E 532 496 true 0 76 0 36 15
E 532 494 true 0 76 0 35 15
E 532 491 true 0 76 0 33 15
E 532 489 true 0 76 0 32 15
E 532 486 true 0 76 0 31 15
E 532 484 true 0 76 0 30 15
E 532 482 true 0 76 0 28 15
E 532 479 true 0 76 0 27 15
E 532 477 true 0 76 0 26 15
E 532 474 true 0 76 0 25 15
E 532 472 true 0 76 0 23 15
E 532 470 true 0 76 0 22 15
E 532 467 true 0 76 0 21 15
E 532 465 true 0 76 0 20 15
E 532 462 true 0 76 0 18 15
E 532 460 true 0 76 0 17 15
E 532 458 true 0 76 0 16 15
E 532 455 true 0 76 0 15 15
E 532 453 true 0 76 0 13 15
E 532 450 true 0 76 0 12 15
E 532 448 true 0 76 0 11 15
E 532 446 true 0 76 0 10 15
E 532 443 true 0 76 0 8 15
E 532 441 true 0 76 0 7 15
E 532 438 true 0 76 0 6 15
E 532 436 true 0 76 0 5 15
R 932 537 true 170 112 82 20 55
E 942 537 true 0 79 0 40 15
E 942 533 true 0 79 0 39 15
E 942 530 true 0 79 0 38 15
E 942 527 true 0 79 0 37 15
E 942 524 true 0 79 0 36 15
E 942 521 true 0 79 0 35 15
E 942 518 true 0 79 0 33 15
E 942 515 true 0 79 0 32 15
E 942 512 true 0 79 0 31 15
E 942 509 true 0 79 0 30 15
E 942 506 true 0 79 0 29 15
E 942 502 true 0 79 0 28 15
E 942 499 true 0 79 0 26 15
E 942 496 true 0 79 0 25 15
E 942 493 true 0 79 0 24 15
E 942 490 true 0 79 0 23 15
E 942 487 true 0 79 0 22 15
E 942 484 true 0 79 0 21 15
E 942 481 true 0 79 0 20 15
E 942 478 true 0 79 0 18 15
E 942 475 true 0 79 0 17 15
E 942 472 true 0 79 0 16 15
E 942 468 true 0 79 0 15 15
E 942 465 true 0 79 0 14 15
E 942 462 true 0 79 0 13 15
E 942 459 true 0 79 0 11 15
E 942 456 true 0 79 0 10 15
E 942 453 true 0 79 0 9 15
E 942 450 true 0 79 0 8 15
E 942 447 true 0 79 0 7 15
E 942 444 true 0 79 0 6 15
E 942 441 true 0 79 0 5 15
R 949 512 true 170 112 82 20 82
E 959 512 true 0 81 0 25 15
E 959 506 true 0 81 0 24 15
E 959 501 true 0 81 0 24 15
E 959 495 true 0 81 0 23 15
E 959 490 true 0 81 0 22 15
E 959 484 true 0 81 0 22 15
E 959 479 true 0 81 0 21 15
E 959 473 true 0 81 0 20 15
E 959 468 true 0 81 0 20 15
E 959 462 true 0 81 0 19 15
E 959 457 true 0 81 0 19 15
E 959 451 true 0 81 0 18 15
E 959 446 true 0 81 0 17 15
E 959 440 true 0 81 0 17 15
E 959 435 true 0 81 0 16 15
E 959 429 true 0 81 0 15 15
E 959 424 true 0 81 0 15 15
E 959 418 true 0 81 0 14 15
E 959 413 true 0 81 0 13 15
E 959 407 true 0 81 0 13 15
E 959 402 true 0 81 0 12 15
E 959 396 true 0 81 0 12 15
E 959 391 true 0 81 0 11 15
E 959 385 true 0 81 0 10 15
E 959 380 true 0 81 0 10 15
E 959 374 true 0 81 0 9 15
E 959 369 true 0 81 0 8 15
E 959 363 true 0 81 0 8 15
E 959 358 true 0 81 0 7 15
E 959 352 true 0 81 0 6 15
E 959 347 true 0 81 0 6 15
E 959 341 true 0 81 0 5 15
E 959 336 true 0 81 0 5 15
R 35 554 true 170 112 82 20 48
E 45 554 true 0 89 0 19 15
E 45 549 true 0 89 0 19 15
E 45 544 true 0 89 0 18 15
E 45 539 true 0 89 0 18 15
E 45 534 true 0 89 0 17 15
E 45 530 true 0 89 0 17 15
E 45 525 true 0 89 0 16 15
E 45 520 true 0 89 0 16 15
E 45 515 true 0 89 0 15 15
E 45 511 true 0 89 0 15 15
E 45 506 true 0 89 0 15 15
E 45 501 true 0 89 0 14 15
E 45 496 true 0 89 0 14 15
E 45 492 true 0 89 0 13 15
E 45 487 true 0 89 0 13 15
E 45 482 true 0 89 0 12 15
E 45 477 true 0 89 0 12 15
E 45 473 true 0 89 0 11 15
E 45 468 true 0 89 0 11 15
E 45 463 true 0 89 0 10 15
E 45 458 true 0 89 0 10 15
E 45 454 true 0 89 0 10 15
E 45 449 true 0 89 0 9 15
E 45 444 true 0 89 0 9 15
E 45 439 true 0 89 0 8 15
E 45 435 true 0 89 0 8 15
E 45 430 true 0 89 0 7 15
E 45 425 true 0 89 0 7 15
E 45 420 true 0 89 0 6 15
E 45 416 true 0 89 0 6 15
E 45 411 true 0 89 0 5 15
E 45 406 true 0 89 0 5 15
E 45 401 true 0 89 0 5 15
R 535 525 true 170 112 82 20 83
E 545 525 true 0 95 0 31 15
E 545 522 true 0 95 0 30 15
E 545 519 true 0 95 0 30 15
E 545 516 true 0 95 0 29 15
E 545 514 true 0 95 0 28 15
E 545 511 true 0 95 0 27 15
E 545 508 true 0 95 0 26 15
E 545 506 true 0 95 0 26 15
E 545 503 true 0 95 0 25 15
E 545 500 true 0 95 0 24 15
E 545 497 true 0 95 0 23 15
E 545 495 true 0 95 0 22 15
E 545 492 true 0 95 0 21 15
E 545 489 true 0 95 0 21 15
E 545 487 true 0 95 0 20 15
E 545 484 true 0 95 0 19 15
E 545 481 true 0 95 0 18 15
E 545 479 true 0 95 0 17 15
E 545 476 true 0 95 0 17 15
E 545 473 true 0 95 0 16 15
E 545 470 true 0 95 0 15 15
E 545 468 true 0 95 0 14 15
E 545 465 true 0 95 0 13 15
E 545 462 true 0 95 0 13 15
E 545 460 true 0 95 0 12 15
E 545 457 true 0 95 0 11 15
E 545 454 true 0 95 0 10 15
E 545 451 true 0 95 0 9 15
E 545 449 true 0 95 0 9 15
E 545 446 true 0 95 0 8 15
E 545 443 true 0 95 0 7 15
E 545 441 true 0 95 0 6 15
E 545 438 true 0 95 0 5 15
E 545 435 true 0 95 0 5 15
R 597 540 true 170 112 82 20 73
E 607 540 true 0 100 0 39 15
E 607 534 true 0 100 0 38 15
E 607 528 true 0 100 0 37 15
E 607 522 true 0 100 0 36 15
E 607 516 true 0 100 0 35 15
E 607 510 true 0 100 0 34 15
E 607 504 true 0 100 0 33 15
E 607 498 true 0 100 0 32 15
E 607 492 true 0 100 0 31 15
E 607 486 true 0 100 0 30 15
E 607 480 true 0 100 0 29 15
E 607 474 true 0 100 0 28 15
E 607 468 true 0 100 0 27 15
E 607 463 true 0 100 0 26 15
E 607 457 true 0 100 0 25 15
E 607 451 true 0 100 0 24 15
E 607 445 true 0 100 0 23 15
E 607 439 true 0 100 0 22 15
E 607 433 true 0 100 0 22 15
E 607 427 true 0 100 0 21 15
E 607 421 true 0 100 0 20 15
E 607 415 true 0 100 0 19 15
E 607 409 true 0 100 0 18 15
E 607 403 true 0 100 0 17 15
E 607 397 true 0 100 0 16 15
E 607 392 true 0 100 0 15 15
E 607 386 true 0 100 0 14 15
E 607 380 true 0 100 0 13 15
E 607 374 true 0 100 0 12 15
E 607 368 true 0 100 0 11 15
E 607 362 true 0 100 0 10 15
E 607 356 true 0 100 0 9 15
E 607 350 true 0 100 0 8 15
E 607 344 true 0 100 0 7 15
E 607 338 true 0 100 0 6 15
E 607 332 true 0 100 0 5 15
E 607 326 true 0 100 0 5 15
R 364 538 true 170 112 82 20 86
E 374 538 true 0 111 0 61 15
E 374 533 true 0 111 0 59 15
E 374 529 true 0 111 0 58 15
E 374 524 true 0 111 0 56 15
E 374 520 true 0 111 0 54 15
E 374 516 true 0 111 0 52 15
E 374 511 true 0 111 0 51 15
E 374 507 true 0 111 0 49 15
E 374 503 true 0 111 0 47 15
E 374 498 true 0 111 0 45 15
E 374 494 true 0 111 0 44 15
E 374 490 true 0 111 0 42 15
E 374 485 true 0 111 0 40 15
E 374 481 true 0 111 0 38 15
E 374 476 true 0 111 0 36 15
E 374 472 true 0 111 0 35 15
E 374 468 true 0 111 0 33 15
E 374 463 true 0 111 0 31 15
E 374 459 true 0 111 0 29 15
E 374 455 true 0 111 0 28 15
E 374 450 true 0 111 0 26 15
E 374 446 true 0 111 0 24 15
E 374 442 true 0 111 0 22 15
E 374 437 true 0 111 0 20 15
E 374 433 true 0 111 0 19 15
E 374 428 true 0 111 0 17 15
E 374 424 true 0 111 0 15 15
E 374 420 true 0 111 0 13 15
E 374 415 true 0 111 0 12 15
E 374 411 true 0 111 0 10 15
E 374 407 true 0 111 0 8 15
E 374 402 true 0 111 0 6 15
E 374 398 true 0 111 0 5 15
R 689 558 true 170 112 82 20 67
E 699 558 true 0 112 0 51 15
E 699 553 true 0 112 0 50 15
E 699 548 true 0 112 0 49 15
E 699 543 true 0 112 0 47 15
E 699 539 true 0 112 0 46 15
E 699 534 true 0 112 0 45 15
E 699 529 true 0 112 0 43 15
E 699 525 true 0 112 0 42 15
E 699 520 true 0 112 0 41 15
E 699 515 true 0 112 0 39 15
E 699 511 true 0 112 0 38 15
E 699 506 true 0 112 0 37 15
E 699 501 true 0 112 0 35 15
E 699 496 true 0 112 0 34 15
E 699 492 true 0 112 0 33 15
E 699 487 true 0 112 0 31 15
E 699 482 true 0 112 0 30 15
E 699 478 true 0 112 0 29 15
E 699 473 true 0 112 0 27 15
E 699 468 true 0 112 0 26 15
E 699 464 true 0 112 0 25 15
E 699 459 true 0 112 0 23 15
E 699 454 true 0 112 0 22 15
E 699 450 true 0 112 0 21 15
E 699 445 true 0 112 0 19 15
E 699 440 true 0 112 0 18 15
E 699 435 true 0 112 0 17 15
E 699 431 true 0 112 0 15 15
E 699 426 true 0 112 0 14 15
E 699 421 true 0 112 0 13 15
E 699 417 true 0 112 0 11 15
E 699 412 true 0 112 0 10 15
E 699 407 true 0 112 0 9 15
E 699 403 true 0 112 0 7 15
E 699 398 true 0 112 0 6 15
E 699 393 true 0 112 0 5 15
R 975 529 true 170 112 82 20 128
E 985 529 true 0 144 0 54 15
E 985 519 true 0 144 0 53 15
E 985 509 true 0 144 0 51 15
E 985 499 true 0 144 0 50 15
E 985 490 true 0 144 0 48 15
E 985 480 true 0 144 0 46 15
E 985 470 true 0 144 0 45 15
E 985 461 true 0 144 0 43 15
E 985 451 true 0 144 0 42 15
E 985 441 true 0 144 0 40 15
E 985 432 true 0 144 0 38 15
E 985 422 true 0 144 0 37 15
E 985 412 true 0 144 0 35 15
E 985 403 true 0 144 0 33 15
E 985 393 true 0 144 0 32 15
E 985 383 true 0 144 0 30 15
E 985 374 true 0 144 0 29 15
E 985 364 true 0 144 0 27 15
E 985 354 true 0 144 0 25 15
E 985 344 true 0 144 0 24 15
E 985 335 true 0 144 0 22 15
E 985 325 true 0 144 0 21 15
E 985 315 true 0 144 0 19 15
E 985 306 true 0 144 0 17 15
E 985 296 true 0 144 0 16 15
E 985 286 true 0 144 0 14 15
E 985 277 true 0 144 0 13 15
E 985 267 true 0 144 0 11 15
E 985 257 true 0 144 0 9 15
E 985 248 true 0 144 0 8 15
E 985 238 true 0 144 0 6 15
E 985 228 true 0 144 0 5 15
R 370 548 true 170 112 82 20 111
E 380 548 true 0 146 0 31 15
E 380 541 true 0 146 0 30 15
E 380 535 true 0 146 0 29 15
E 380 528 true 0 146 0 29 15
E 380 522 true 0 146 0 28 15
E 380 515 true 0 146 0 27 15
E 380 509 true 0 146 0 26 15
E 380 502 true 0 146 0 25 15
E 380 496 true 0 146 0 24 15
E 380 490 true 0 146 0 23 15
E 380 483 true 0 146 0 23 15
E 380 477 true 0 146 0 22 15
E 380 470 true 0 146 0 21 15
E 380 464 true 0 146 0 20 15
E 380 457 true 0 146 0 19 15
E 380 451 true 0 146 0 18 15
E 380 445 true 0 146 0 17 15
E 380 438 true 0 146 0 17 15
E 380 432 true 0 146 0 16 15
E 380 425 true 0 146 0 15 15
E 380 419 true 0 146 0 14 15
E 380 412 true 0 146 0 13 15
E 380 406 true 0 146 0 12 15
E 380 399 true 0 146 0 11 15
E 380 393 true 0 146 0 11 15
E 380 387 true 0 146 0 10 15
E 380 380 true 0 146 0 9 15
E 380 374 true 0 146 0 8 15
E 380 367 true 0 146 0 7 15
E 380 361 true 0 146 0 6 15
E 380 354 true 0 146 0 5 15
E 380 348 true 0 146 0 5 15
R 837 568 true 170 112 82 20 91
E 847 568 true 0 146 0 38 15
E 847 562 true 0 146 0 37 15
E 847 556 true 0 146 0 36 15
E 847 550 true 0 146 0 35 15
E 847 544 true 0 146 0 34 15
E 847 538 true 0 146 0 33 15
E 847 532 true 0 146 0 32 15
E 847 526 true 0 146 0 31 15
E 847 520 true 0 146 0 30 15
E 847 514 true 0 146 0 29 15
E 847 508 true 0 146 0 27 15
E 847 502 true 0 146 0 26 15
E 847 496 true 0 146 0 25 15
E 847 490 true 0 146 0 24 15
E 847 484 true 0 146 0 23 15
E 847 478 true 0 146 0 22 15
E 847 473 true 0 146 0 21 15
E 847 467 true 0 146 0 20 15
E 847 461 true 0 146 0 19 15
E 847 455 true 0 146 0 18 15
E 847 449 true 0 146 0 17 15
E 847 443 true 0 146 0 15 15
E 847 437 true 0 146 0 14 15
E 847 431 true 0 146 0 13 15
E 847 425 true 0 146 0 12 15
E 847 419 true 0 146 0 11 15
E 847 413 true 0 146 0 10 15
E 847 407 true 0 146 0 9 15
E 847 401 true 0 146 0 8 15
E 847 395 true 0 146 0 7 15
E 847 389 true 0 146 0 6 15
E 847 383 true 0 146 0 5 15
R 715 602 true 170 112 82 20 64
E 725 602 true 0 153 0 54 15
E 725 595 true 0 153 0 52 15
E 725 589 true 0 153 0 50 15
E 725 583 true 0 153 0 49 15
E 725 577 true 0 153 0 47 15
E 725 571 true 0 153 0 45 15
E 725 564 true 0 153 0 44 15
E 725 558 true 0 153 0 42 15
E 725 552 true 0 153 0 40 15
E 725 546 true 0 153 0 39 15
E 725 540 true 0 153 0 37 15
E 725 533 true 0 153 0 35 15
E 725 527 true 0 153 0 33 15
E 725 521 true 0 153 0 32 15
E 725 515 true 0 153 0 30 15
E 725 509 true 0 153 0 28 15
E 725 502 true 0 153 0 27 15
E 725 496 true 0 153 0 25 15
E 725 490 true 0 153 0 23 15
E 725 484 true 0 153 0 22 15
E 725 478 true 0 153 0 20 15
E 725 471 true 0 153 0 18 15
E 725 465 true 0 153 0 16 15
E 725 459 true 0 153 0 15 15
E 725 453 true 0 153 0 13 15
E 725 447 true 0 153 0 11 15
E 725 440 true 0 153 0 10 15
E 725 434 true 0 153 0 8 15
E 725 428 true 0 153 0 6 15
E 725 422 true 0 153 0 5 15
R 228 526 true 170 112 82 20 145
E 238 526 true 0 158 0 52 15
E 238 514 true 0 158 0 51 15
E 238 502 true 0 158 0 49 15
E 238 491 true 0 158 0 47 15
E 238 479 true 0 158 0 46 15
E 238 467 true 0 158 0 44 15
E 238 456 true 0 158 0 42 15
E 238 444 true 0 158 0 41 15
E 238 432 true 0 158 0 39 15
E 238 421 true 0 158 0 38 15
E 238 409 true 0 158 0 36 15
E 238 397 true 0 158 0 34 15
E 238 386 true 0 158 0 33 15
E 238 374 true 0 158 0 31 15
E 238 362 true 0 158 0 29 15
E 238 351 true 0 158 0 28 15
E 238 339 true 0 158 0 26 15
E 238 327 true 0 158 0 24 15
E 238 316 true 0 158 0 23 15
E 238 304 true 0 158 0 21 15
E 238 292 true 0 158 0 19 15
E 238 281 true 0 158 0 18 15
E 238 269 true 0 158 0 16 15
E 238 257 true 0 158 0 14 15
E 238 246 true 0 158 0 13 15
E 238 234 true 0 158 0 11 15
E 238 222 true 0 158 0 9 15
E 238 211 true 0 158 0 8 15
E 238 199 true 0 158 0 6 15
E 238 187 true 0 158 0 5 15
R 908 519 true 170 112 82 20 173
E 918 519 true 0 179 0 66 15
E 918 507 true 0 179 0 64 15
E 918 496 true 0 179 0 62 15
E 918 484 true 0 179 0 60 15
E 918 473 true 0 179 0 58 15
E 918 461 true 0 179 0 56 15
E 918 450 true 0 179 0 55 15
E 918 438 true 0 179 0 53 15
E 918 427 true 0 179 0 51 15
E 918 415 true 0 179 0 49 15
E 918 404 true 0 179 0 47 15
E 918 392 true 0 179 0 45 15
E 918 381 true 0 179 0 43 15
E 918 369 true 0 179 0 42 15
E 918 358 true 0 179 0 40 15
E 918 346 true 0 179 0 38 15
E 918 335 true 0 179 0 36 15
E 918 323 true 0 179 0 34 15
E 918 312 true 0 179 0 32 15
E 918 300 true 0 179 0 30 15
E 918 289 true 0 179 0 29 15
E 918 277 true 0 179 0 27 15
E 918 266 true 0 179 0 25 15
E 918 254 true 0 179 0 23 15
E 918 243 true 0 179 0 21 15
E 918 231 true 0 179 0 19 15
E 918 220 true 0 179 0 17 15
E 918 208 true 0 179 0 16 15
E 918 197 true 0 179 0 14 15
E 918 185 true 0 179 0 12 15
E 918 174 true 0 179 0 10 15
E 918 162 true 0 179 0 8 15
E 918 151 true 0 179 0 6 15
E 918 139 true 0 179 0 5 15
R 608 572 true 170 112 82 20 124
E 618 572 true 0 183 0 70 15
E 618 563 true 0 183 0 68 15
E 618 555 true 0 183 0 66 15
E 618 547 true 0 183 0 64 15
E 618 539 true 0 183 0 62 15
E 618 531 true 0 183 0 60 15
E 618 523 true 0 183 0 58 15
E 618 515 true 0 183 0 57 15
E 618 507 true 0 183 0 55 15
E 618 499 true 0 183 0 53 15
E 618 491 true 0 183 0 51 15
E 618 483 true 0 183 0 49 15
E 618 475 true 0 183 0 47 15
E 618 467 true 0 183 0 45 15
E 618 459 true 0 183 0 44 15
E 618 451 true 0 183 0 42 15
E 618 443 true 0 183 0 40 15
E 618 435 true 0 183 0 38 15
E 618 427 true 0 183 0 36 15
E 618 419 true 0 183 0 34 15
E 618 411 true 0 183 0 32 15
E 618 403 true 0 183 0 31 15
E 618 395 true 0 183 0 29 15
E 618 387 true 0 183 0 27 15
E 618 379 true 0 183 0 25 15
E 618 371 true 0 183 0 23 15
E 618 363 true 0 183 0 21 15
E 618 355 true 0 183 0 19 15
E 618 347 true 0 183 0 18 15
E 618 339 true 0 183 0 16 15
E 618 331 true 0 183 0 14 15
E 618 323 true 0 183 0 12 15
E 618 315 true 0 183 0 10 15
E 618 307 true 0 183 0 8 15
E 618 299 true 0 183 0 6 15
E 618 291 true 0 183 0 5 15
R 180 546 true 170 112 82 20 157
E 190 546 true 0 190 0 98 15
E 190 533 true 0 190 0 95 15
E 190 520 true 0 190 0 92 15
E 190 507 true 0 190 0 89 15
E 190 494 true 0 190 0 86 15
E 190 481 true 0 190 0 83 15
E 190 468 true 0 190 0 80 15
E 190 455 true 0 190 0 77 15
E 190 442 true 0 190 0 74 15
E 190 429 true 0 190 0 71 15
E 190 416 true 0 190 0 68 15
E 190 403 true 0 190 0 65 15
E 190 390 true 0 190 0 62 15
E 190 377 true 0 190 0 59 15
E 190 364 true 0 190 0 56 15
E 190 351 true 0 190 0 53 15
E 190 339 true 0 190 0 50 15
E 190 326 true 0 190 0 47 15
E 190 313 true 0 190 0 44 15
E 190 300 true 0 190 0 41 15
E 190 287 true 0 190 0 38 15
E 190 274 true 0 190 0 35 15
E 190 261 true 0 190 0 32 15
E 190 248 true 0 190 0 29 15
E 190 235 true 0 190 0 26 15
E 190 222 true 0 190 0 23 15
E 190 209 true 0 190 0 20 15
E 190 196 true 0 190 0 17 15
E 190 183 true 0 190 0 14 15
E 190 170 true 0 190 0 11 15
E 190 157 true 0 190 0 8 15
E 190 144 true 0 190 0 5 15
R 919 584 true 170 112 82 20 124
E 929 584 true 0 195 0 76 15
E 929 572 true 0 195 0 73 15
E 929 560 true 0 195 0 71 15
E 929 548 true 0 195 0 69 15
E 929 537 true 0 195 0 67 15
E 929 525 true 0 195 0 64 15
E 929 513 true 0 195 0 62 15
E 929 501 true 0 195 0 60 15
E 929 490 true 0 195 0 57 15
E 929 478 true 0 195 0 55 15
E 929 466 true 0 195 0 53 15
E 929 455 true 0 195 0 50 15
E 929 443 true 0 195 0 48 15
E 929 431 true 0 195 0 46 15
E 929 419 true 0 195 0 44 15
E 929 408 true 0 195 0 41 15
E 929 396 true 0 195 0 39 15
E 929 384 true 0 195 0 37 15
E 929 373 true 0 195 0 34 15
E 929 361 true 0 195 0 32 15
E 929 349 true 0 195 0 30 15
E 929 337 true 0 195 0 27 15
E 929 326 true 0 195 0 25 15
E 929 314 true 0 195 0 23 15
E 929 302 true 0 195 0 21 15
E 929 291 true 0 195 0 18 15
E 929 279 true 0 195 0 16 15
E 929 267 true 0 195 0 14 15
E 929 255 true 0 195 0 11 15
E 929 244 true 0 195 0 9 15
E 929 232 true 0 195 0 7 15
E 929 220 true 0 195 0 5 15
R 208 581 true 170 112 82 20 140
E 218 581 true 0 208 0 75 15
E 218 575 true 0 208 0 73 15
E 218 569 true 0 208 0 71 15
E 218 563 true 0 208 0 69 15
E 218 558 true 0 208 0 67 15
E 218 552 true 0 208 0 65 15
E 218 546 true 0 208 0 63 15
E 218 540 true 0 208 0 61 15
E 218 535 true 0 208 0 59 15
E 218 529 true 0 208 0 57 15
E 218 523 true 0 208 0 55 15
E 218 517 true 0 208 0 53 15
E 218 512 true 0 208 0 51 15
E 218 506 true 0 208 0 49 15
E 218 500 true 0 208 0 47 15
E 218 494 true 0 208 0 45 15
E 218 489 true 0 208 0 43 15
E 218 483 true 0 208 0 41 15
E 218 477 true 0 208 0 39 15
E 218 471 true 0 208 0 37 15
E 218 466 true 0 208 0 35 15
E 218 460 true 0 208 0 33 15
E 218 454 true 0 208 0 31 15
E 218 448 true 0 208 0 29 15
E 218 443 true 0 208 0 27 15
E 218 437 true 0 208 0 25 15
E 218 431 true 0 208 0 23 15
E 218 425 true 0 208 0 21 15
E 218 420 true 0 208 0 19 15
E 218 414 true 0 208 0 17 15
E 218 408 true 0 208 0 15 15
E 218 402 true 0 208 0 13 15
E 218 397 true 0 208 0 11 15
E 218 391 true 0 208 0 9 15
E 218 385 true 0 208 0 7 15
E 218 379 true 0 208 0 5 15
R 561 550 true 170 112 82 20 178
E 571 550 true 0 215 0 50 15
E 571 540 true 0 215 0 49 15
E 571 530 true 0 215 0 47 15
E 571 520 true 0 215 0 46 15
E 571 510 true 0 215 0 45 15
E 571 500 true 0 215 0 43 15
E 571 491 true 0 215 0 42 15
E 571 481 true 0 215 0 41 15
E 571 471 true 0 215 0 39 15
E 571 461 true 0 215 0 38 15
E 571 451 true 0 215 0 37 15
E 571 441 true 0 215 0 35 15
E 571 432 true 0 215 0 34 15
E 571 422 true 0 215 0 33 15
E 571 412 true 0 215 0 31 15
E 571 402 true 0 215 0 30 15
E 571 392 true 0 215 0 29 15
E 571 382 true 0 215 0 27 15
E 571 373 true 0 215 0 26 15
E 571 363 true 0 215 0 25 15
E 571 353 true 0 215 0 23 15
E 571 343 true 0 215 0 22 15
E 571 333 true 0 215 0 21 15
E 571 323 true 0 215 0 19 15
E 571 314 true 0 215 0 18 15
E 571 304 true 0 215 0 17 15
E 571 294 true 0 215 0 15 15
E 571 284 true 0 215 0 14 15
E 571 274 true 0 215 0 13 15
E 571 264 true 0 215 0 11 15
E 571 255 true 0 215 0 10 15
E 571 245 true 0 215 0 9 15
E 571 235 true 0 215 0 7 15
E 571 225 true 0 215 0 6 15
E 571 215 true 0 215 0 5 15
R 74 576 true 170 112 82 20 157
E 84 576 true 0 220 0 104 15
E 84 567 true 0 220 0 101 15
E 84 559 true 0 220 0 98 15
E 84 550 true 0 220 0 95 15
E 84 542 true 0 220 0 92 15
E 84 534 true 0 220 0 89 15
E 84 525 true 0 220 0 86 15
E 84 517 true 0 220 0 83 15
E 84 509 true 0 220 0 80 15
E 84 500 true 0 220 0 77 15
E 84 492 true 0 220 0 74 15
E 84 484 true 0 220 0 71 15
E 84 475 true 0 220 0 68 15
E 84 467 true 0 220 0 65 15
E 84 459 true 0 220 0 62 15
E 84 450 true 0 220 0 59 15
E 84 442 true 0 220 0 56 15
E 84 434 true 0 220 0 53 15
E 84 425 true 0 220 0 50 15
E 84 417 true 0 220 0 47 15
E 84 408 true 0 220 0 44 15
E 84 400 true 0 220 0 41 15
E 84 392 true 0 220 0 38 15
E 84 383 true 0 220 0 35 15
E 84 375 true 0 220 0 32 15
E 84 367 true 0 220 0 29 15
E 84 358 true 0 220 0 26 15
E 84 350 true 0 220 0 23 15
E 84 342 true 0 220 0 20 15
E 84 333 true 0 220 0 17 15
E 84 325 true 0 220 0 14 15
E 84 317 true 0 220 0 11 15
E 84 308 true 0 220 0 8 15
E 84 300 true 0 220 0 5 15
R 67 597 true 170 112 82 20 136
E 77 597 true 0 220 0 125 15
E 77 589 true 0 220 0 121 15
E 77 582 true 0 220 0 117 15
E 77 575 true 0 220 0 113 15
E 77 567 true 0 220 0 110 15
E 77 560 true 0 220 0 106 15
E 77 553 true 0 220 0 102 15
E 77 545 true 0 220 0 98 15
E 77 538 true 0 220 0 95 15
E 77 531 true 0 220 0 91 15
E 77 523 true 0 220 0 87 15
E 77 516 true 0 220 0 83 15
E 77 509 true 0 220 0 80 15
E 77 501 true 0 220 0 76 15
E 77 494 true 0 220 0 72 15
E 77 487 true 0 220 0 68 15
E 77 479 true 0 220 0 65 15
E 77 472 true 0 220 0 61 15
E 77 465 true 0 220 0 57 15
E 77 457 true 0 220 0 53 15
E 77 450 true 0 220 0 50 15
E 77 443 true 0 220 0 46 15
E 77 435 true 0 220 0 42 15
E 77 428 true 0 220 0 38 15
E 77 421 true 0 220 0 35 15
E 77 413 true 0 220 0 31 15
E 77 406 true 0 220 0 27 15
E 77 399 true 0 220 0 23 15
E 77 391 true 0 220 0 20 15
E 77 384 true 0 220 0 16 15
E 77 377 true 0 220 0 12 15
E 77 369 true 0 220 0 8 15
E 77 362 true 0 220 0 5 15
R 867 644 true 170 112 82 20 89
E 877 644 true 0 220 0 76 15
E 877 629 true 0 220 0 74 15
E 877 615 true 0 220 0 72 15
E 877 601 true 0 220 0 70 15
E 877 587 true 0 220 0 68 15
E 877 573 true 0 220 0 65 15
E 877 559 true 0 220 0 63 15
E 877 545 true 0 220 0 61 15
E 877 531 true 0 220 0 59 15
E 877 517 true 0 220 0 57 15
E 877 503 true 0 220 0 55 15
E 877 489 true 0 220 0 52 15
E 877 475 true 0 220 0 50 15
E 877 461 true 0 220 0 48 15
E 877 447 true 0 220 0 46 15
E 877 433 true 0 220 0 44 15
E 877 419 true 0 220 0 42 15
E 877 405 true 0 220 0 39 15
E 877 391 true 0 220 0 37 15
E 877 377 true 0 220 0 35 15
E 877 363 true 0 220 0 33 15
E 877 349 true 0 220 0 31 15
E 877 335 true 0 220 0 28 15
E 877 321 true 0 220 0 26 15
E 877 307 true 0 220 0 24 15
E 877 293 true 0 220 0 22 15
E 877 279 true 0 220 0 20 15
E 877 265 true 0 220 0 18 15
E 877 251 true 0 220 0 15 15
E 877 237 true 0 220 0 13 15
E 877 223 true 0 220 0 11 15
E 877 209 true 0 220 0 9 15
E 877 195 true 0 220 0 7 15
E 877 181 true 0 220 0 5 15
R 232 538 true 170 112 82 20 196
E 242 538 true 0 221 0 71 15
E 242 532 true 0 221 0 69 15
E 242 526 true 0 221 0 67 15
E 242 521 true 0 221 0 65 15
E 242 515 true 0 221 0 63 15
E 242 509 true 0 221 0 61 15
E 242 504 true 0 221 0 58 15
E 242 498 true 0 221 0 56 15
E 242 492 true 0 221 0 54 15
E 242 487 true 0 221 0 52 15
E 242 481 true 0 221 0 50 15
E 242 475 true 0 221 0 48 15
E 242 470 true 0 221 0 46 15
E 242 464 true 0 221 0 44 15
E 242 458 true 0 221 0 42 15
E 242 453 true 0 221 0 40 15
E 242 447 true 0 221 0 38 15
E 242 441 true 0 221 0 36 15
E 242 436 true 0 221 0 34 15
E 242 430 true 0 221 0 31 15
E 242 424 true 0 221 0 29 15
E 242 419 true 0 221 0 27 15
E 242 413 true 0 221 0 25 15
E 242 407 true 0 221 0 23 15
E 242 402 true 0 221 0 21 15
E 242 396 true 0 221 0 19 15
E 242 390 true 0 221 0 17 15
E 242 385 true 0 221 0 15 15
E 242 379 true 0 221 0 13 15
E 242 373 true 0 221 0 11 15
E 242 368 true 0 221 0 9 15
E 242 362 true 0 221 0 7 15
E 242 356 true 0 221 0 5 15
R 328 536 true 170 112 82 20 199
E 338 536 true 0 222 0 76 15
E 338 520 true 0 222 0 74 15
E 338 504 true 0 222 0 72 15
E 338 488 true 0 222 0 69 15
E 338 472 true 0 222 0 67 15
E 338 456 true 0 222 0 65 15
E 338 440 true 0 222 0 62 15
E 338 424 true 0 222 0 60 15
E 338 408 true 0 222 0 58 15
E 338 392 true 0 222 0 55 15
E 338 376 true 0 222 0 53 15
E 338 361 true 0 222 0 51 15
E 338 345 true 0 222 0 48 15
E 338 329 true 0 222 0 46 15
E 338 313 true 0 222 0 44 15
E 338 297 true 0 222 0 42 15
E 338 281 true 0 222 0 39 15
E 338 265 true 0 222 0 37 15
E 338 249 true 0 222 0 35 15
E 338 233 true 0 222 0 32 15
E 338 217 true 0 222 0 30 15
E 338 201 true 0 222 0 28 15
E 338 186 true 0 222 0 25 15
E 338 170 true 0 222 0 23 15
E 338 154 true 0 222 0 21 15
E 338 138 true 0 222 0 18 15
E 338 122 true 0 222 0 16 15
E 338 106 true 0 222 0 14 15
E 338 90 true 0 222 0 11 15
E 338 74 true 0 222 0 9 15
E 338 58 true 0 222 0 7 15
E 338 42 true 0 222 0 5 15
R 115 560 true 170 112 82 20 193
E 125 560 true 0 240 0 119 15
E 125 543 true 0 240 0 115 15
E 125 526 true 0 240 0 111 15
E 125 509 true 0 240 0 107 15
E 125 492 true 0 240 0 103 15
E 125 475 true 0 240 0 99 15
E 125 458 true 0 240 0 95 15
E 125 441 true 0 240 0 91 15
E 125 424 true 0 240 0 87 15
E 125 407 true 0 240 0 84 15
E 125 390 true 0 240 0 80 15
E 125 373 true 0 240 0 76 15
E 125 356 true 0 240 0 72 15
E 125 339 true 0 240 0 68 15
E 125 322 true 0 240 0 64 15
E 125 305 true 0 240 0 60 15
E 125 288 true 0 240 0 56 15
E 125 271 true 0 240 0 52 15
E 125 254 true 0 240 0 48 15
E 125 237 true 0 240 0 44 15
E 125 220 true 0 240 0 40 15
E 125 203 true 0 240 0 36 15
E 125 186 true 0 240 0 32 15
E 125 169 true 0 240 0 28 15
E 125 152 true 0 240 0 24 15
E 125 135 true 0 240 0 20 15
E 125 118 true 0 240 0 16 15
E 125 101 true 0 240 0 12 15
E 125 84 true 0 240 0 8 15
E 125 67 true 0 240 0 5 15
R 95 541 true 170 112 82 20 223
E 105 541 true 0 251 0 102 15
E 105 523 true 0 251 0 99 15
E 105 505 true 0 251 0 96 15
E 105 488 true 0 251 0 92 15
E 105 470 true 0 251 0 89 15
E 105 453 true 0 251 0 86 15
E 105 435 true 0 251 0 83 15
E 105 417 true 0 251 0 79 15
E 105 400 true 0 251 0 76 15
E 105 382 true 0 251 0 73 15
E 105 365 true 0 251 0 70 15
E 105 347 true 0 251 0 66 15
E 105 330 true 0 251 0 63 15
E 105 312 true 0 251 0 60 15
E 105 294 true 0 251 0 57 15
E 105 277 true 0 251 0 53 15
E 105 259 true 0 251 0 50 15
E 105 242 true 0 251 0 47 15
E 105 224 true 0 251 0 44 15
E 105 206 true 0 251 0 40 15
E 105 189 true 0 251 0 37 15
E 105 171 true 0 251 0 34 15
E 105 154 true 0 251 0 31 15
E 105 136 true 0 251 0 27 15
E 105 119 true 0 251 0 24 15
E 105 101 true 0 251 0 21 15
E 105 83 true 0 251 0 18 15
E 105 66 true 0 251 0 14 15
E 105 48 true 0 251 0 11 15
E 105 31 true 0 251 0 8 15
E 105 13 true 0 251 0 5 15
R 216 597 true 170 112 82 20 168
E 226 597 true 0 252 0 83 15
E 226 588 true 0 252 0 81 15
E 226 580 true 0 252 0 79 15
E 226 571 true 0 252 0 77 15
E 226 563 true 0 252 0 74 15
E 226 554 true 0 252 0 72 15
E 226 546 true 0 252 0 70 15
E 226 537 true 0 252 0 68 15
E 226 529 true 0 252 0 65 15
E 226 520 true 0 252 0 63 15
E 226 512 true 0 252 0 61 15
E 226 503 true 0 252 0 59 15
E 226 495 true 0 252 0 56 15
E 226 486 true 0 252 0 54 15
E 226 478 true 0 252 0 52 15
E 226 469 true 0 252 0 50 15
E 226 461 true 0 252 0 47 15
E 226 452 true 0 252 0 45 15
E 226 444 true 0 252 0 43 15
E 226 436 true 0 252 0 41 15
E 226 427 true 0 252 0 38 15
E 226 419 true 0 252 0 36 15
E 226 410 true 0 252 0 34 15
E 226 402 true 0 252 0 32 15
E 226 393 true 0 252 0 29 15
E 226 385 true 0 252 0 27 15
E 226 376 true 0 252 0 25 15
E 226 368 true 0 252 0 23 15
E 226 359 true 0 252 0 20 15
E 226 351 true 0 252 0 18 15
E 226 342 true 0 252 0 16 15
E 226 334 true 0 252 0 14 15
E 226 325 true 0 252 0 11 15
E 226 317 true 0 252 0 9 15
E 226 308 true 0 252 0 7 15
E 226 300 true 0 252 0 5 15
